subjects: 106
total_samples: 190800
coverage_mean: 0.9967190775681343
mae_mean: 80.80373810389764
rmse_mean: 83.24120792605434
mean_band_mean: 1136.978080115133
