subjects: 106
total_samples: 190800
coverage_mean: 0.9969287211740042
mae_mean: 98.04814046438582
rmse_mean: 100.35084028718259
mean_band_mean: 1139.1463061607403
