subjects: 108
total_samples: 194400
coverage_mean: 0.9985699588477367
mae_mean: 26.0218576835384
rmse_mean: 26.183979138156765
mean_band_mean: 338.7568010866111
