subjects: 108
total_samples: 194400
coverage_mean: 0.9974279835390946
mae_mean: 23.214026257676252
rmse_mean: 23.611121694452454
mean_band_mean: 318.84242341395395
