subjects: 108
total_samples: 194400
coverage_mean: 0.9975360082304526
mae_mean: 13.675673147976934
rmse_mean: 13.88312440739543
mean_band_mean: 340.0376570617103
