subjects: 108
total_samples: 194400
coverage_mean: 0.9977674897119342
mae_mean: 48.85075662198413
rmse_mean: 49.330289861196064
mean_band_mean: 722.4282606960585
